1 24 75 84 56 34.804226 Spinning
2 29 84 39 45 27.967682 Spinning
3 5 41 51 17 10.565569 Spinning
4 -8 18 79 23 14.294593 Spinning
5 13 55 47 59 36.668739 Spinning
6 15 59 46 60 37.290241 Spinning
7 0 32 45 0 0.000000 Netural
8 4 39 96 4 2.486016 Spinning
9 11 51 38 12 7.458048 Spinning
10 17 62 91 26 16.159105 Spinning
11 -7 20 84 0 0.000000 Netural
13 19 66 77 18 11.187073 Spinning
14 7 44 47 0 0.000000 Netural
15 13 55 22 3 1.864512 Spinning
16 23 73 95 35 21.752642 Spinning
17 13 55 86 49 30.453697 Spinning
18 30 86 1 2 1.243008 Spinning
19 7 44 28 31 19.266624 Spinning
20 0 32 44 34 21.131138 Spinning
22 -9 16 42 9 5.593536 Spinning
23 18 64 12 30 18.645121 Spinning
24 24 75 49 18 11.187073 Spinning
1 2 35 57 3 1.864512 Spinning
2 -8 18 64 4 2.486016 Spinning
3 -5 23 37 0 0.000000 Netural
4 -2 29 10 15 9.322560 Spinning
5 20 68 17 34 21.131138 Spinning
7 -6 22 89 6 3.729024 Spinning
8 -8 18 88 36 22.374146 Spinning
9 -4 25 22 8 4.972033 Spinning
10 7 44 0 46 28.589186 Spinning
11 -3 27 94 1 0.621504 Spinning
12 15 59 48 55 34.182724 Spinning
13 -5 23 98 17 10.565569 Spinning
14 -6 22 35 1 0.621504 Spinning
15 24 75 13 18 11.187073 Spinning
16 11 51 45 22 13.673089 Spinning
17 12 53 60 8 4.972033 Spinning
18 0 32 76 44 27.346178 Spinning
20 -6 22 17 49 30.453697 Spinning
21 13 55 71 45 27.967682 Spinning
22 16 60 15 51 31.696707 Spinning
1 21 69 20 39 24.238657 Spinning
2 28 82 18 40 24.860161 Spinning
3 11 51 14 52 32.318211 Spinning
4 -3 27 48 38 23.617153 Spinning
5 15 59 39 47 29.210690 Spinning
6 -5 23 58 15 9.322560 Spinning
7 19 66 49 49 30.453697 Spinning
8 25 77 11 57 35.425732 Spinning
9 25 77 72 14 8.701056 Spinning
10 17 62 33 19 11.808577 Spinning
11 6 42 39 26 16.159105 Spinning
12 7 44 10 16 9.944065 Spinning
13 -9 16 15 25 15.537601 Spinning
14 0 32 7 7 4.350528 Spinning
15 13 55 48 48 29.832193 Spinning
16 1 33 41 45 27.967682 Spinning
17 23 73 4 37 22.995649 Spinning
18 9 48 28 0 0.000000 Netural
19 8 46 73 0 0.000000 Netural
20 8 46 27 15 9.322560 Spinning
21 0 32 56 44 27.346178 Spinning
22 11 51 80 0 0.000000 Netural
23 30 86 50 16 9.944065 Spinning
24 13 55 33 17 10.565569 Spinning
1 1 33 16 0 0.000000 Netural
2 24 75 4 2 1.243008 Spinning
3 8 46 14 28 17.402113 Spinning
4 11 51 7 5 3.107520 Spinning
5 16 60 74 52 32.318211 Spinning
6 17 62 74 6 3.729024 Spinning
7 26 78 71 50 31.075203 Spinning
8 30 86 94 50 31.075203 Spinning
9 14 57 65 31 19.266624 Spinning
10 5 41 33 28 17.402113 Spinning
11 5 41 39 22 13.673089 Spinning
12 -5 23 59 41 25.481667 Spinning
13 3 37 19 45 27.967682 Spinning
14 30 86 4 26 16.159105 Spinning
15 26 78 62 27 16.780609 Spinning
16 -7 20 98 51 31.696707 Spinning
17 28 82 29 0 0.000000 Netural
18 11 51 39 7 4.350528 Spinning
19 12 53 17 2 1.243008 Spinning
20 25 77 41 0 0.000000 Netural
21 1 33 4 56 34.804226 Spinning
22 24 75 8 0 0.000000 Netural
23 -8 18 41 23 14.294593 Spinning
24 18 64 65 53 32.939713 Spinning
1 14 57 71 50 31.075203 Spinning
2 -5 23 79 25 15.537601 Spinning
3 2 35 85 48 29.832193 Spinning
4 9 48 71 45 27.967682 Spinning
5 10 50 46 8 4.972033 Spinning
6 17 62 86 59 36.668739 Spinning
7 -6 22 28 10 6.215040 Spinning
8 2 35 55 10 6.215040 Spinning
9 3 37 19 45 27.967682 Spinning
10 27 80 19 1 0.621504 Spinning
11 2 35 44 29 18.023617 Spinning
12 8 46 5 7 4.350528 Spinning
13 20 68 22 25 15.537601 Spinning
14 4 39 21 50 31.075203 Spinning
15 17 62 87 18 11.187073 Spinning
16 1 33 69 35 21.752642 Spinning
17 26 78 6 1 0.621504 Spinning
18 17 62 70 21 13.051585 Spinning
19 26 78 7 19 11.808577 Spinning
20 15 59 40 0 0.000000 Netural
21 8 46 74 37 22.995649 Spinning
22 8 46 35 26 16.159105 Spinning
23 -1 31 46 57 35.425732 Spinning
24 -9 16 81 41 25.481667 Spinning
1 17 62 48 43 26.724674 Spinning
2 6 42 51 55 34.182724 Spinning
3 3 37 51 32 19.888130 Spinning
4 25 77 85 37 22.995649 Spinning
5 2 35 66 40 24.860161 Spinning
6 -7 20 3 29 18.023617 Spinning
7 10 50 3 0 0.000000 Netural
8 -8 18 82 41 25.481667 Spinning
9 30 86 85 22 13.673089 Spinning
10 19 66 69 19 11.808577 Spinning
11 -5 23 85 20 12.430080 Spinning
12 16 60 58 9 5.593536 Spinning
13 10 50 0 14 8.701056 Spinning
14 3 37 91 37 22.995649 Spinning
15 -1 31 98 0 0.000000 Netural
16 18 64 77 43 26.724674 Spinning
17 27 80 14 59 36.668739 Spinning
18 -6 22 98 18 11.187073 Spinning
19 12 53 94 15 9.322560 Spinning
20 8 46 27 47 29.210690 Spinning
21 -2 29 83 6 3.729024 Spinning
22 11 51 45 59 36.668739 Spinning
23 -1 31 43 2 1.243008 Spinning
24 8 46 4 17 10.565569 Spinning
1 0 32 0 0 0.000000 Netural
2 0 32 0 0 0.000000 Netural
3 0 32 0 0 0.000000 Netural
4 0 32 0 0 0.000000 Netural
5 0 32 0 0 0.000000 Netural
6 0 32 0 0 0.000000 Netural
7 0 32 0 0 0.000000 Netural
8 0 32 0 0 0.000000 Netural
9 0 32 0 0 0.000000 Netural
10 0 32 0 0 0.000000 Netural
11 0 32 0 0 0.000000 Netural
12 0 32 0 0 0.000000 Netural
13 0 32 0 0 0.000000 Netural
14 0 32 0 0 0.000000 Netural
15 0 32 0 0 0.000000 Netural
16 0 32 0 0 0.000000 Netural
17 0 32 0 0 0.000000 Netural
18 0 32 0 0 0.000000 Netural
19 0 32 0 0 0.000000 Netural
20 0 32 0 0 0.000000 Netural
21 0 32 0 0 0.000000 Netural
22 0 32 0 0 0.000000 Netural
23 0 32 0 0 0.000000 Netural
24 0 32 0 0 0.000000 Netural
1 3 37 19 59 36.668739 Spinning
2 6 42 87 51 31.696707 Spinning
3 9 48 86 5 3.107520 Spinning
4 21 69 5 28 17.402113 Spinning
5 11 51 23 23 14.294593 Spinning
6 15 59 35 9 5.593536 Spinning
7 -8 18 26 44 27.346178 Spinning
8 -7 20 6 15 9.322560 Spinning
9 26 78 25 28 17.402113 Spinning
10 16 60 55 0 0.000000 Netural
11 30 86 14 31 19.266624 Spinning
12 14 57 96 53 32.939713 Spinning
13 2 35 8 7 4.350528 Spinning
14 3 37 9 14 8.701056 Spinning
15 10 50 43 0 0.000000 Netural
16 11 51 69 57 35.425732 Spinning
17 8 46 12 10 6.215040 Spinning
18 11 51 46 31 19.266624 Spinning
19 -7 20 30 31 19.266624 Spinning
20 13 55 27 31 19.266624 Spinning
21 15 59 29 0 0.000000 Netural
22 -5 23 71 42 26.103170 Spinning
1 11 51 23 16 9.944065 Spinning
2 3 37 71 0 0.000000 Netural
3 3 37 94 7 4.350528 Spinning
4 30 86 37 0 0.000000 Netural
5 20 68 38 31 19.266624 Spinning
6 -7 20 29 6 3.729024 Spinning
7 14 57 84 7 4.350528 Spinning
8 -3 27 60 30 18.645121 Spinning
9 -2 29 34 32 19.888130 Spinning
10 8 46 33 38 23.617153 Spinning
11 3 37 47 5 3.107520 Spinning
12 19 66 41 7 4.350528 Spinning
13 -8 18 87 48 29.832193 Spinning
14 10 50 33 59 36.668739 Spinning
15 30 86 51 20 12.430080 Spinning
16 -2 29 17 60 37.290241 Spinning
17 29 84 8 54 33.561218 Spinning
18 30 86 63 47 29.210690 Spinning
19 24 75 53 24 14.916097 Spinning
20 10 50 5 29 18.023617 Spinning
21 -7 20 64 53 32.939713 Spinning
22 -3 27 77 54 33.561218 Spinning
23 6 42 27 43 26.724674 Spinning
24 24 75 36 8 4.972033 Spinning
1 16 60 89 21 13.051585 Spinning
2 9 48 41 13 8.079553 Spinning
3 29 84 34 0 0.000000 Netural
4 24 75 23 32 19.888130 Spinning
5 -9 16 76 0 0.000000 Netural
6 -9 16 9 46 28.589186 Spinning
7 19 66 78 47 29.210690 Spinning
8 27 80 46 22 13.673089 Spinning
9 4 39 75 52 32.318211 Spinning
10 30 86 82 39 24.238657 Spinning
11 19 66 5 0 0.000000 Netural
12 -8 18 96 0 0.000000 Netural
13 4 39 10 48 29.832193 Spinning
14 15 59 61 38 23.617153 Spinning
15 0 32 21 4 2.486016 Spinning
16 18 64 22 23 14.294593 Spinning
17 20 68 75 6 3.729024 Spinning
18 1 33 14 32 19.888130 Spinning
19 -4 25 91 0 0.000000 Netural
20 17 62 22 22 13.673089 Spinning
21 12 53 76 13 8.079553 Spinning
22 18 64 82 18 11.187073 Spinning
23 -8 18 40 14 8.701056 Spinning
24 26 78 21 45 27.967682 Spinning
1 -2 29 75 6 3.729024 Spinning
2 26 78 33 0 0.000000 Netural
3 6 42 47 5 3.107520 Spinning
4 20 68 8 41 25.481667 Spinning
5 24 75 66 20 12.430080 Spinning
6 5 41 88 20 12.430080 Spinning
7 -5 23 39 55 34.182724 Spinning
8 -8 18 9 43 26.724674 Spinning
9 10 50 75 33 20.509634 Spinning
10 5 41 32 42 26.103170 Spinning
11 -8 18 14 1 0.621504 Spinning
12 30 86 41 48 29.832193 Spinning
13 22 71 94 0 0.000000 Netural
14 9 48 86 27 16.780609 Spinning
15 22 71 50 0 0.000000 Netural
16 27 80 36 60 37.290241 Spinning
17 25 77 45 10 6.215040 Spinning
18 29 84 99 0 0.000000 Netural
19 -3 27 48 32 19.888130 Spinning
20 22 71 80 54 33.561218 Spinning
21 8 46 97 46 28.589186 Spinning
22 -4 25 49 39 24.238657 Spinning
23 21 69 39 36 22.374146 Spinning
24 23 73 59 60 37.290241 Spinning
1 0 32 0 0 0.000000 Netural
2 0 32 0 0 0.000000 Netural
3 0 32 0 0 0.000000 Netural
4 0 32 0 0 0.000000 Netural
5 0 32 0 0 0.000000 Netural
6 0 32 0 0 0.000000 Netural
7 0 32 0 0 0.000000 Netural
8 0 32 0 0 0.000000 Netural
9 0 32 0 0 0.000000 Netural
10 0 32 0 0 0.000000 Netural
11 0 32 0 0 0.000000 Netural
12 0 32 0 0 0.000000 Netural
13 0 32 0 0 0.000000 Netural
14 0 32 0 0 0.000000 Netural
15 0 32 0 0 0.000000 Netural
16 0 32 0 0 0.000000 Netural
17 0 32 0 0 0.000000 Netural
18 0 32 0 0 0.000000 Netural
19 0 32 0 0 0.000000 Netural
20 0 32 0 0 0.000000 Netural
21 0 32 0 0 0.000000 Netural
22 0 32 0 0 0.000000 Netural
23 0 32 0 0 0.000000 Netural
24 0 32 0 0 0.000000 Netural
1 0 32 0 32 19.888130 Spinning
2 0 32 0 38 23.617153 Spinning
3 0 32 0 19 11.808577 Spinning
4 0 32 0 14 8.701056 Spinning
5 0 32 0 53 32.939713 Spinning
6 0 32 0 14 8.701056 Spinning
7 0 32 0 29 18.023617 Spinning
8 0 32 0 11 6.836545 Spinning
9 0 32 0 35 21.752642 Spinning
10 0 32 0 31 19.266624 Spinning
11 0 32 0 10 6.215040 Spinning
12 0 32 0 42 26.103170 Spinning
13 0 32 0 45 27.967682 Spinning
14 0 32 0 14 8.701056 Spinning
15 0 32 0 17 10.565569 Spinning
16 0 32 0 0 0.000000 Netural
17 0 32 0 0 0.000000 Netural
18 0 32 0 43 26.724674 Spinning
19 0 32 0 55 34.182724 Spinning
20 0 32 0 49 30.453697 Spinning
21 0 32 0 19 11.808577 Spinning
22 0 32 0 13 8.079553 Spinning
23 0 32 0 0 0.000000 Netural
24 0 32 0 41 25.481667 Spinning
1 3 37 0 12 7.458048 Spinning
2 -3 27 0 2 1.243008 Spinning
3 -4 25 0 59 36.668739 Spinning
4 3 37 0 11 6.836545 Spinning
5 15 59 0 0 0.000000 Netural
6 9 48 0 5 3.107520 Spinning
7 29 84 0 8 4.972033 Spinning
8 8 46 0 46 28.589186 Spinning
9 7 44 0 53 32.939713 Spinning
10 26 78 0 11 6.836545 Spinning
11 16 60 0 36 22.374146 Spinning
12 12 53 0 16 9.944065 Spinning
13 11 51 0 12 7.458048 Spinning
14 21 69 0 5 3.107520 Spinning
15 13 55 0 0 0.000000 Netural
16 17 62 0 1 0.621504 Spinning
17 14 57 0 21 13.051585 Spinning
18 23 73 0 54 33.561218 Spinning
19 15 59 0 30 18.645121 Spinning
20 25 77 0 16 9.944065 Spinning
21 -6 22 0 40 24.860161 Spinning
22 16 60 0 18 11.187073 Spinning
23 13 55 0 29 18.023617 Spinning
24 22 71 0 54 33.561218 Spinning
1 11 51 52 47 29.210690 Spinning
2 -1 31 65 0 0.000000 Netural
3 7 44 33 2 1.243008 Spinning
4 1 33 65 13 8.079553 Spinning
5 0 32 3 0 0.000000 Netural
6 7 44 90 55 34.182724 Spinning
7 24 75 91 32 19.888130 Spinning
8 -2 29 68 0 0.000000 Netural
9 20 68 73 43 26.724674 Spinning
10 18 64 50 7 4.350528 Spinning
11 -3 27 88 26 16.159105 Spinning
12 1 33 48 55 34.182724 Spinning
13 3 37 90 0 0.000000 Netural
14 13 55 74 38 23.617153 Spinning
15 5 41 43 53 32.939713 Spinning
16 6 42 5 7 4.350528 Spinning
17 10 50 63 8 4.972033 Spinning
18 11 51 10 0 0.000000 Netural
19 1 33 89 24 14.916097 Spinning
20 1 33 94 43 26.724674 Spinning
21 13 55 17 26 16.159105 Spinning
22 -1 31 56 30 18.645121 Spinning
23 6 42 9 13 8.079553 Spinning
24 16 60 86 16 9.944065 Spinning
1 0 32 96 55 34.182724 Spinning
2 7 44 24 0 0.000000 Netural
3 29 84 46 1 0.621504 Spinning
4 -9 16 11 28 17.402113 Spinning
1 13 55 1 7 4.350528 Spinning
2 5 41 77 19 11.808577 Spinning
3 -8 18 5 17 10.565569 Spinning
4 7 44 90 41 25.481667 Spinning
5 17 62 69 0 0.000000 Netural
6 2 35 15 26 16.159105 Spinning
7 -4 25 19 13 8.079553 Spinning
8 9 48 15 0 0.000000 Netural
9 28 82 90 0 0.000000 Netural
1 -6 22 59 0 0.000000 Netural
2 17 62 66 0 0.000000 Netural
3 20 68 91 51 31.875000 Spinning
4 13 55 10 14 8.750000 Spinning
5 10 50 94 49 30.625000 Spinning
6 11 51 88 40 25.000000 Spinning
7 17 62 42 6 3.750000 Spinning
8 21 69 77 15 9.375000 Spinning
9 1 33 93 28 17.500000 Spinning
10 -3 27 42 0 0.000000 Netural
11 9 48 89 0 0.000000 Netural
12 26 78 80 12 7.500000 Spinning
13 25 77 83 18 11.250000 Spinning
14 11 51 22 54 33.750000 Spinning
15 6 42 46 32 20.000000 Spinning
16 9 48 56 46 28.750000 Spinning
17 -7 20 81 5 3.125000 Spinning
18 21 69 14 32 20.000000 Spinning
19 16 60 81 0 0.000000 Netural
20 4 39 25 16 10.000000 Spinning
21 27 80 60 16 10.000000 Spinning
22 26 78 24 0 0.000000 Netural
23 19 66 5 30 18.750000 Spinning
24 3 37 20 29 18.125000 Spinning
1 3 37 45 4 2.500000 Spinning
2 -1 31 45 11 6.875000 Spinning
3 19 66 49 1 0.625000 Spinning
4 16 60 91 44 27.500000 Spinning
5 13 55 45 2 1.250000 Spinning
6 19 66 42 0 0.000000 Netural
7 29 84 64 48 30.000000 Spinning
8 19 66 24 0 0.000000 Netural
9 29 84 35 26 16.250000 Spinning
10 28 82 96 14 8.750000 Spinning
11 15 59 61 34 21.250000 Spinning
12 -3 27 19 26 16.250000 Spinning
13 13 55 93 17 10.625000 Spinning
14 24 75 82 21 13.125000 Spinning
15 15 59 41 35 21.875000 Spinning
16 -9 16 31 35 21.875000 Spinning
17 29 84 51 55 34.375000 Spinning
18 30 86 83 0 0.000000 Netural
19 8 46 64 38 23.750000 Spinning
20 -7 20 77 0 0.000000 Netural
21 -5 23 81 11 6.875000 Spinning
22 2 35 45 17 10.625000 Spinning
1 29 84 40 7 4.375000 Spinning
2 6 42 83 58 36.250000 Spinning
3 12 53 92 0 0.000000 Netural
4 19 66 20 58 36.250000 Spinning
5 10 50 23 32 20.000000 Spinning
6 17 62 91 0 0.000000 Netural
7 30 86 84 29 18.125000 Spinning
8 24 75 55 28 17.500000 Spinning
9 5 41 31 38 23.750000 Spinning
10 11 51 1 26 16.250000 Spinning
11 -9 16 54 44 27.500000 Spinning
12 19 66 86 21 13.125000 Spinning
13 0 32 45 46 28.750000 Spinning
14 -1 31 83 29 18.125000 Spinning
15 17 62 2 43 26.875000 Spinning
16 -4 25 96 32 20.000000 Spinning
17 18 64 42 21 13.125000 Spinning
18 -5 23 90 11 6.875000 Spinning
19 15 59 23 2 1.250000 Spinning
20 20 68 6 49 30.625000 Spinning
21 22 71 13 46 28.750000 Spinning
22 15 59 16 46 28.750000 Spinning
23 21 69 38 48 30.000000 Spinning
24 9 48 28 0 0.000000 Netural
1 16 60 57 36 22.500000 Spinning
2 12 53 5 41 25.625000 Spinning
3 -1 31 67 46 28.750000 Spinning
4 22 71 12 18 11.250000 Spinning
5 18 64 36 23 14.375000 Spinning
6 -5 23 72 2 1.250000 Spinning
7 30 86 24 40 25.000000 Spinning
8 11 51 17 36 22.500000 Spinning
9 11 51 40 18 11.250000 Spinning
10 -2 29 60 13 8.125000 Spinning
11 19 66 55 12 7.500000 Spinning
12 6 42 66 23 14.375000 Spinning
13 -9 16 43 0 0.000000 Netural
14 12 53 45 6 3.750000 Spinning
15 -3 27 44 57 35.625000 Spinning
16 11 51 49 49 30.625000 Spinning
17 27 80 98 56 35.000000 Spinning
18 20 68 95 17 10.625000 Spinning
19 20 68 96 45 28.125000 Spinning
20 2 35 62 19 11.875000 Spinning
21 -5 23 6 0 0.000000 Netural
22 17 62 87 39 24.375000 Spinning
23 -7 20 19 46 28.750000 Spinning
24 29 84 21 38 23.750000 Spinning
1 20 68 21 31 19.375000 Spinning
2 10 50 45 50 31.250000 Spinning
3 22 71 43 55 34.375000 Spinning
4 11 51 17 51 31.875000 Spinning
5 10 50 52 0 0.000000 Netural
6 4 39 84 49 30.625000 Spinning
7 30 86 9 31 19.375000 Spinning
8 26 78 95 48 30.000000 Spinning
9 16 60 23 0 0.000000 Netural
10 22 71 88 28 17.500000 Spinning
11 26 78 49 35 21.875000 Spinning
12 1 33 66 38 23.750000 Spinning
13 -6 22 76 57 35.625000 Spinning
14 11 51 14 0 0.000000 Netural
15 28 82 96 53 33.125000 Spinning
16 -4 25 86 35 21.875000 Spinning
17 10 50 20 33 20.625000 Spinning
18 8 46 52 0 0.000000 Netural
19 -1 31 62 0 0.000000 Netural
20 14 57 72 0 0.000000 Netural
21 9 48 99 34 21.250000 Spinning
22 -4 25 65 17 10.625000 Spinning
23 19 66 96 57 35.625000 Spinning
24 10 50 35 9 5.625000 Spinning
1 9 48 98 53 33.125000 Spinning
2 24 75 7 53 33.125000 Spinning
3 12 53 93 51 31.875000 Spinning
4 -5 23 4 25 15.625000 Spinning
5 -1 31 58 3 1.875000 Spinning
6 20 68 97 38 23.750000 Spinning
7 17 62 16 43 26.875000 Spinning
8 17 62 38 55 34.375000 Spinning
9 -9 16 10 0 0.000000 Netural
10 5 41 31 0 0.000000 Netural
11 15 59 42 53 33.125000 Spinning
12 9 48 7 39 24.375000 Spinning
13 26 78 82 29 18.125000 Spinning
14 17 62 72 27 16.875000 Spinning
15 30 86 0 38 23.750000 Spinning
16 12 53 27 0 0.000000 Netural
17 18 64 53 15 9.375000 Spinning
18 14 57 36 32 20.000000 Spinning
19 20 68 76 19 11.875000 Spinning
20 -5 23 78 48 30.000000 Spinning
21 14 57 51 8 5.000000 Spinning
22 11 51 0 50 31.250000 Spinning
23 -4 25 13 0 0.000000 Netural
24 3 37 92 51 31.875000 Spinning
1 25 77 64 55 34.375000 Spinning
2 7 44 61 17 10.625000 Spinning
3 14 57 40 45 28.125000 Spinning
4 0 32 16 38 23.750000 Spinning
5 7 44 12 30 18.750000 Spinning
6 11 51 36 40 25.000000 Spinning
7 23 73 38 0 0.000000 Netural
8 26 78 2 0 0.000000 Netural
9 15 59 42 44 27.500000 Spinning
10 -7 20 77 37 23.125000 Spinning
11 10 50 60 21 13.125000 Spinning
12 -2 29 88 32 20.000000 Spinning
13 1 33 77 54 33.750000 Spinning
14 11 51 34 47 29.375000 Spinning
15 -9 16 73 23 14.375000 Spinning
16 30 86 52 24 15.000000 Spinning
17 -7 20 56 58 36.250000 Spinning
18 10 50 61 0 0.000000 Netural
19 27 80 13 40 25.000000 Spinning
20 21 69 64 30 18.750000 Spinning
21 22 71 51 19 11.875000 Spinning
22 25 77 88 13 8.125000 Spinning
23 23 73 28 7 4.375000 Spinning
24 17 62 12 17 10.625000 Spinning
1 0 32 0 0 0.000000 Netural
2 0 32 0 0 0.000000 Netural
3 0 32 0 0 0.000000 Netural
4 0 32 0 0 0.000000 Netural
5 0 32 0 0 0.000000 Netural
6 0 32 0 0 0.000000 Netural
7 0 32 0 0 0.000000 Netural
8 0 32 0 0 0.000000 Netural
9 0 32 0 0 0.000000 Netural
10 0 32 0 0 0.000000 Netural
11 0 32 0 0 0.000000 Netural
12 0 32 0 0 0.000000 Netural
13 0 32 0 0 0.000000 Netural
14 0 32 0 0 0.000000 Netural
15 0 32 0 0 0.000000 Netural
16 0 32 0 0 0.000000 Netural
17 0 32 0 0 0.000000 Netural
18 0 32 0 0 0.000000 Netural
19 0 32 0 0 0.000000 Netural
20 0 32 0 0 0.000000 Netural
21 0 32 0 0 0.000000 Netural
22 0 32 0 0 0.000000 Netural
23 0 32 0 0 0.000000 Netural
24 0 32 0 0 0.000000 Netural
1 4 39 15 25 15.625000 Spinning
2 24 75 71 2 1.250000 Spinning
3 17 62 70 33 20.625000 Spinning
4 12 53 90 41 25.625000 Spinning
5 29 84 59 40 25.000000 Spinning
1 -2 29 84 17 10.625000 Spinning
2 7 44 37 38 23.750000 Spinning
3 12 53 60 44 27.500000 Spinning
4 -8 18 74 0 0.000000 Netural
5 3 37 78 57 35.625000 Spinning
6 0 32 18 60 37.500000 Spinning
7 23 73 24 0 0.000000 Netural
8 15 59 47 13 8.125000 Spinning
9 27 80 15 54 33.750000 Spinning
10 8 46 57 34 21.250000 Spinning
11 7 44 46 1 0.625000 Spinning
12 0 32 92 0 0.000000 Netural
13 4 39 27 36 22.500000 Spinning
14 7 44 34 51 31.875000 Spinning
15 25 77 60 7 4.375000 Spinning
16 -8 18 93 0 0.000000 Netural
17 11 51 6 60 37.500000 Spinning
18 18 64 6 0 0.000000 Netural
19 24 75 67 12 7.500000 Spinning
20 4 39 22 49 30.625000 Spinning
21 28 82 60 43 26.875000 Spinning
22 21 69 77 42 26.250000 Spinning
23 9 48 28 31 19.375000 Spinning
24 14 57 91 15 9.375000 Spinning
1 1 33 20 1 0.625000 Spinning
2 3 37 29 1 0.625000 Spinning
3 30 86 5 4 2.500000 Spinning
4 4 39 44 35 21.875000 Spinning
5 4 39 61 7 4.375000 Spinning
6 5 41 57 58 36.250000 Spinning
7 18 64 44 32 20.000000 Spinning
1 24 75 23 0 0.000000 Netural
2 6 42 95 40 25.000000 Spinning
3 17 62 82 0 0.000000 Netural
99 -8 18 67 34 21.250000 Spinning
99 -8 18 67 34 21.250000 Spinning
99 11 51 69 44 27.500000 Spinning
99 29 84 58 12 7.500000 Spinning
99 15 59 5 5 3.125000 Spinning
99 -8 18 27 21 13.125000 Spinning
99 -8 18 67 34 21.250000 Spinning
99 11 51 69 44 27.500000 Spinning
99 29 84 58 12 7.500000 Spinning
99 15 59 5 5 3.125000 Spinning
99 -8 18 27 21 13.125000 Spinning
99 2 35 95 42 26.250000 Spinning
1 24 75 97 24 15.000000 Spinning
2 -2 29 41 56 35.000000 Spinning
3 8 46 4 35 21.875000 Spinning
4 -2 29 64 0 0.000000 Netural
5 29 84 69 23 14.375000 Spinning
6 11 51 90 51 31.875000 Spinning
7 -3 27 56 32 20.000000 Spinning
8 12 53 52 57 35.625000 Spinning
9 9 48 42 34 21.250000 Spinning
10 14 57 86 25 15.625000 Spinning
11 10 50 66 43 26.875000 Spinning
12 20 68 20 0 0.000000 Netural
13 -9 16 98 45 28.125000 Spinning
14 27 80 48 23 14.375000 Spinning
15 9 48 16 56 35.000000 Spinning
16 12 53 60 0 0.000000 Netural
17 1 33 32 21 13.125000 Spinning
18 -3 27 43 24 15.000000 Spinning
19 18 64 85 0 0.000000 Netural
20 17 62 72 0 0.000000 Netural
21 -7 20 49 18 11.250000 Spinning
22 20 68 30 21 13.125000 Spinning
23 -4 25 49 46 28.750000 Spinning
24 -1 31 70 1 0.625000 Spinning
1 3 37 46 15 9.375000 Spinning
2 13 55 28 31 19.375000 Spinning
3 25 77 27 0 0.000000 Netural
4 -4 25 10 48 30.000000 Spinning
5 23 73 50 9 5.625000 Spinning
6 1 33 29 19 11.875000 Spinning
7 24 75 81 1 0.625000 Spinning
8 10 50 52 42 26.250000 Spinning
9 23 73 28 5 3.125000 Spinning
10 -6 22 42 27 16.875000 Spinning
11 22 71 27 0 0.000000 Netural
12 -3 27 40 5 3.125000 Spinning
13 17 62 49 19 11.875000 Spinning
14 22 71 46 0 0.000000 Netural
15 -6 22 17 10 6.250000 Spinning
16 13 55 4 3 1.875000 Spinning
17 16 60 3 60 37.500000 Spinning
18 25 77 83 35 21.875000 Spinning
19 -4 25 87 56 35.000000 Spinning
20 24 75 35 14 8.750000 Spinning
21 20 68 13 0 0.000000 Netural
22 15 59 93 2 1.250000 Spinning
23 13 55 30 49 30.625000 Spinning
24 -7 20 50 7 4.375000 Spinning
1 10 50 68 49 30.625000 Spinning
2 29 84 65 0 0.000000 Netural
3 26 78 79 50 31.250000 Spinning
4 0 32 49 14 8.750000 Spinning
5 -1 31 7 14 8.750000 Spinning
6 19 66 48 23 14.375000 Spinning
7 -3 27 7 36 22.500000 Spinning
8 14 57 6 28 17.500000 Spinning
9 20 68 24 0 0.000000 Netural
10 -1 31 11 17 10.625000 Spinning
11 27 80 9 15 9.375000 Spinning
12 17 62 32 22 13.750000 Spinning
13 -3 27 22 6 3.750000 Spinning
14 -7 20 4 0 0.000000 Netural
15 0 32 20 44 27.500000 Spinning
16 9 48 13 26 16.250000 Spinning
17 1 33 97 45 28.125000 Spinning
18 25 77 22 37 23.125000 Spinning
19 27 80 46 45 28.125000 Spinning
20 -4 25 67 41 25.625000 Spinning
21 -8 18 41 11 6.875000 Spinning
22 22 71 10 17 10.625000 Spinning
23 -1 31 64 42 26.250000 Spinning
24 3 37 0 8 5.000000 Spinning
1 18 64 98 48 30.000000 Spinning
2 24 75 75 30 18.750000 Spinning
3 3 37 96 45 28.125000 Spinning
4 30 86 7 12 7.500000 Spinning
5 2 35 94 23 14.375000 Spinning
6 26 78 40 40 25.000000 Spinning
7 -6 22 86 5 3.125000 Spinning
8 19 66 2 40 25.000000 Spinning
9 -9 16 49 1 0.625000 Spinning
10 6 42 88 33 20.625000 Spinning
11 18 64 60 29 18.125000 Spinning
12 -6 22 56 30 18.750000 Spinning
13 4 39 78 0 0.000000 Netural
14 -2 29 1 34 21.250000 Spinning
15 0 32 74 32 20.000000 Spinning
16 15 59 23 46 28.750000 Spinning
17 23 73 54 44 27.500000 Spinning
18 23 73 30 0 0.000000 Netural
19 25 77 49 47 29.375000 Spinning
20 15 59 63 17 10.625000 Spinning
21 25 77 46 4 2.500000 Spinning
22 14 57 94 30 18.750000 Spinning
23 18 64 87 31 19.375000 Spinning
24 27 80 67 16 10.000000 Spinning
1 19 66 50 21 13.125000 Spinning
2 28 82 90 35 21.875000 Spinning
3 21 69 70 36 22.500000 Spinning
4 8 46 65 47 29.375000 Spinning
5 17 62 72 30 18.750000 Spinning
6 22 71 25 4 2.500000 Spinning
7 5 41 5 49 30.625000 Spinning
8 -3 27 25 39 24.375000 Spinning
9 28 82 90 8 5.000000 Spinning
10 20 68 94 50 31.250000 Spinning
11 5 41 69 27 16.875000 Spinning
12 22 71 5 59 36.875000 Spinning
13 7 44 68 37 23.125000 Spinning
14 12 53 94 32 20.000000 Spinning
15 1 33 58 0 0.000000 Netural
16 3 37 82 40 25.000000 Spinning
17 14 57 82 49 30.625000 Spinning
18 18 64 20 29 18.125000 Spinning
19 22 71 83 22 13.750000 Spinning
20 -8 18 69 28 17.500000 Spinning
21 15 59 92 38 23.750000 Spinning
22 11 51 21 37 23.125000 Spinning
23 26 78 26 30 18.750000 Spinning
24 22 71 33 14 8.750000 Spinning
99 -8 18 67 34 21.250000 Spinning
99 11 51 69 44 27.500000 Spinning
99 29 84 58 12 7.500000 Spinning
1 -7 20 99 21 13.125000 Spinning
2 7 44 60 51 31.875000 Spinning
3 25 77 95 18 11.250000 Spinning
4 7 44 50 57 35.625000 Spinning
5 -1 31 63 4 2.500000 Spinning
6 30 86 22 48 30.000000 Spinning
7 19 66 52 37 23.125000 Spinning
8 -2 29 76 54 33.750000 Spinning
9 14 57 45 27 16.875000 Spinning
10 5 41 1 49 30.625000 Spinning
11 27 80 21 0 0.000000 Netural
12 29 84 92 23 14.375000 Spinning
13 8 46 32 19 11.875000 Spinning
14 -1 31 33 17 10.625000 Spinning
15 19 66 10 8 5.000000 Spinning
16 7 44 0 46 28.750000 Spinning
17 22 71 49 29 18.125000 Spinning
18 -6 22 34 15 9.375000 Spinning
19 26 78 85 43 26.875000 Spinning
20 9 48 34 31 19.375000 Spinning
21 22 71 65 60 37.500000 Spinning
22 22 71 90 18 11.250000 Spinning
23 -5 23 32 25 15.625000 Spinning
24 -4 25 17 1 0.625000 Spinning
99 3 37 72 0 0.000000 Netural
